401 0.105667 0.213320 0.318626
401 1.124385 1.243900 1.356755
401 0.109365 0.667027 0.777390
401 0.115297 1.289905 1.551127
401 0.108584 0.900716 1.025537
401 0.108747 0.221815 0.766781
401 2.163811 2.372564 2.572246
401 0.099101 0.206348 0.310472
401 0.125323 0.257232 0.384144
401 0.109393 0.226626 0.453969
401 0.110334 1.271800 1.493811
401 0.116007 0.229808 0.335920
401 0.062071 0.127460 0.188481
401 0.118904 0.242564 0.362509
401 0.108225 0.221088 0.331102
401 1.172669 1.288588 1.399509
401 0.108258 0.221121 0.331358
401 0.111154 0.678941 0.791574
401 0.108831 3.041102 3.166723
401 0.104303 0.779063 1.537993
