1	12	26
1	14	25
1	25	21
1	17	17
1	9	15
1	2	14
1	4	10
1	37	10
1	7	10
1	27	9
1	38	8
1	43	7
1	36	7
1	39	6
1	33	6
1	22	5
1	49	5
1	23	5
1	31	5
1	45	5
1	35	5
1	18	4
1	21	4
1	30	4
1	15	3
1	42	3
1	13	3
1	46	3
1	47	2
1	32	2
1	41	2
1	44	2
1	34	2
1	20	2
1	40	2
1	5	2
1	48	2
1	8	2
1	24	1
1	11	1
1	3	1
1	19	1
1	50	1
1	16	1
1	26	1
1	6	1
2	25	32
2	12	23
2	17	22
2	7	22
2	9	21
2	37	20
2	14	14
2	38	11
2	36	10
2	23	9
2	4	9
2	30	8
2	27	7
2	44	6
2	32	5
2	3	5
2	31	5
2	42	5
2	41	4
2	47	4
2	39	4
2	45	4
2	43	4
2	5	3
2	6	3
2	48	3
2	16	3
2	22	3
2	13	2
2	50	2
2	19	2
2	28	2
2	8	2
2	24	2
2	46	1
2	33	1
2	20	1
2	35	1
2	18	1
2	29	1
2	26	1
2	10	1
2	40	1
2	11	1
3	12	11
3	25	9
3	17	6
3	44	6
3	38	5
3	41	5
3	9	5
3	7	5
3	27	4
3	37	4
3	28	3
3	11	3
3	19	3
3	49	2
3	40	2
3	30	2
3	8	2
3	47	2
3	14	1
3	46	1
3	34	1
3	33	1
3	18	1
3	35	1
3	10	1
3	5	1
3	48	1
3	6	1
3	50	1
3	45	1
3	36	1
3	23	1
3	42	1
3	4	1
4	17	15
4	25	14
4	12	13
4	14	10
4	9	9
4	7	8
4	37	7
4	27	5
4	38	5
4	43	5
4	8	4
4	23	3
4	18	3
4	30	3
4	13	3
4	22	3
4	49	3
4	29	3
4	39	3
4	31	2
4	28	2
4	5	2
4	45	2
4	35	2
4	36	2
4	33	2
4	24	2
4	46	2
4	15	2
4	34	1
4	21	1
4	10	1
4	42	1
4	48	1
4	32	1
4	44	1
4	41	1
4	40	1
4	11	1
5	12	3
5	25	3
5	7	3
5	14	2
5	17	2
5	37	2
5	9	1
5	24	1
5	38	1
5	23	1
5	36	1
5	48	1
5	44	1
5	47	1
5	41	1
5	19	1
6	17	3
6	25	3
6	7	3
6	30	2
6	9	2
6	12	2
6	41	1
6	48	1
6	19	1
6	36	1
6	45	1
6	14	1
6	47	1
6	44	1
6	50	1
6	37	1
6	10	1
7	25	27
7	9	16
7	12	16
7	17	15
7	37	13
7	38	11
7	14	10
7	8	5
7	27	5
7	23	5
7	44	5
7	43	4
7	30	4
7	31	4
7	36	4
7	41	4
7	45	3
7	39	3
7	32	3
7	19	3
7	47	3
7	13	2
7	22	2
7	42	2
7	48	2
7	16	2
7	24	1
7	35	1
7	20	1
7	33	1
7	40	1
7	49	1
7	29	1
7	26	1
7	50	1
7	11	1
7	10	1
8	25	9
8	38	6
8	12	6
8	9	5
8	17	5
8	49	3
8	28	3
8	41	2
8	44	2
8	37	2
8	46	2
8	29	1
8	36	1
8	10	1
8	18	1
8	32	1
8	45	1
8	14	1
8	43	1
8	23	1
8	35	1
8	27	1
8	20	1
8	40	1
8	11	1
9	25	28
9	12	23
9	17	17
9	14	15
9	38	11
9	37	11
9	23	9
9	36	9
9	27	8
9	30	8
9	45	6
9	42	6
9	32	4
9	43	4
9	33	3
9	46	3
9	44	3
9	18	3
9	39	3
9	22	3
9	16	3
9	49	3
9	31	3
9	11	2
9	41	2
9	35	2
9	21	2
9	15	2
9	13	2
9	50	2
9	28	2
9	24	1
9	29	1
9	20	1
9	40	1
9	10	1
10	25	3
10	38	3
10	17	3
10	35	2
10	28	2
10	33	1
10	29	1
10	15	1
10	27	1
10	12	1
10	49	1
10	30	1
11	41	3
11	25	3
11	44	3
11	12	3
11	40	2
11	27	2
11	17	2
11	18	1
11	49	1
11	14	1
11	33	1
11	46	1
11	19	1
11	34	1
11	28	1
11	38	1
11	30	1
11	37	1
12	25	37
12	17	28
12	14	25
12	37	19
12	38	14
12	27	14
12	36	9
12	49	8
12	44	8
12	30	8
12	41	7
12	23	7
12	43	7
12	39	6
12	35	6
12	45	6
12	33	6
12	31	5
12	18	5
12	47	5
12	28	5
12	22	5
12	21	4
12	46	4
12	48	4
12	19	4
12	40	4
12	42	4
12	50	3
12	34	3
12	13	3
12	15	3
12	32	2
12	20	2
12	26	2
12	16	2
12	24	2
13	43	3
13	14	3
13	17	3
13	25	3
13	37	2
13	39	2
13	22	2
13	31	1
13	30	1
14	25	20
14	17	16
14	37	10
14	27	8
14	36	7
14	38	7
14	43	7
14	33	6
14	39	6
14	23	5
14	22	5
14	31	5
14	45	5
14	49	4
14	18	4
14	21	4
14	35	4
14	30	4
14	15	3
14	42	3
14	46	3
14	47	2
14	32	2
14	34	2
14	48	2
14	40	1
14	44	1
14	24	1
14	19	1
14	41	1
14	20	1
14	50	1
14	16	1
14	26	1
15	17	4
15	33	4
15	27	4
15	18	3
15	21	3
15	49	3
15	35	3
15	34	1
15	38	1
15	29	1
15	46	1
16	25	4
16	17	3
16	37	2
16	23	2
16	36	1
16	30	1
16	50	1
17	25	31
17	27	14
17	38	14
17	37	12
17	49	8
17	23	7
17	35	7
17	18	7
17	36	6
17	33	6
17	30	6
17	44	5
17	46	4
17	41	4
17	29	4
17	47	4
17	48	4
17	21	4
17	43	4
17	39	4
17	45	4
17	24	3
17	28	3
17	50	3
17	42	3
17	22	3
17	31	3
17	32	3
17	34	2
17	40	2
17	20	2
17	19	1
17	26	1
18	27	8
18	49	6
18	25	5
18	33	5
18	38	4
18	46	4
18	21	3
18	34	3
18	35	3
18	44	1
18	40	1
18	19	1
18	41	1
18	28	1
18	32	1
18	23	1
18	24	1
18	29	1
18	20	1
19	25	4
19	37	4
19	41	3
19	44	3
19	49	2
19	40	2
19	27	2
19	47	2
19	46	1
19	34	1
19	33	1
19	26	1
19	30	1
19	48	1
19	50	1
20	35	3
20	38	3
20	27	3
20	25	2
20	33	2
20	32	1
20	44	1
20	40	1
20	49	1
20	41	1
20	29	1
20	34	1
21	33	4
21	27	4
21	49	3
21	35	3
21	34	1
21	46	1
21	38	1
22	39	5
22	25	5
22	43	5
22	31	2
22	37	2
22	38	2
22	32	1
22	42	1
22	36	1
23	25	11
23	36	7
23	38	6
23	37	5
23	27	3
23	45	3
23	30	3
23	42	3
23	31	2
23	48	2
23	46	1
23	32	1
23	24	1
23	47	1
24	25	3
24	37	2
24	47	1
24	44	1
24	48	1
24	27	1
24	38	1
25	38	23
25	37	20
25	27	15
25	30	11
25	36	10
25	44	9
25	41	8
25	43	7
25	49	7
25	39	6
25	28	5
25	31	5
25	32	5
25	45	5
25	47	5
25	46	5
25	42	4
25	48	4
25	40	4
25	35	3
25	50	3
25	33	2
25	26	2
25	34	2
25	29	1
26	37	3
26	27	2
26	40	1
26	49	1
26	38	1
26	30	1
26	36	1
27	38	14
27	49	8
27	33	8
27	35	7
27	37	5
27	44	4
27	46	4
27	34	4
27	40	4
27	41	4
27	30	3
27	36	3
27	29	3
27	32	2
27	31	1
27	28	1
28	49	2
28	38	2
28	30	2
28	46	1
28	35	1
28	44	1
28	41	1
28	37	1
28	40	1
29	33	2
29	38	2
29	35	2
29	46	1
29	49	1
29	36	1
29	32	1
29	34	1
30	37	6
30	36	4
30	38	3
30	45	2
30	42	2
30	41	2
30	44	2
30	31	1
30	46	1
30	43	1
30	47	1
30	50	1
30	48	1
30	40	1
31	37	5
31	39	3
31	36	2
31	43	2
31	38	2
31	46	1
31	42	1
31	45	1
31	47	1
32	38	4
32	42	2
32	36	2
32	39	1
32	43	1
32	33	1
32	35	1
33	35	6
33	49	4
33	38	4
33	34	3
33	46	2
33	44	1
33	40	1
33	41	1
34	35	2
34	49	2
34	38	2
34	41	2
34	46	1
34	44	1
34	40	1
35	38	6
35	49	4
35	41	1
35	44	1
35	40	1
36	38	5
36	37	5
36	45	3
36	42	3
36	39	1
36	43	1
36	46	1
36	48	1
37	44	6
37	38	6
37	47	4
37	41	4
37	39	3
37	43	3
37	40	2
37	50	2
37	42	2
37	48	2
37	45	2
37	46	1
37	49	1
38	44	4
38	49	4
38	41	4
38	42	3
38	39	2
38	43	2
38	46	2
38	45	1
38	48	1
38	40	1
39	43	5
39	42	1
39	47	1
40	41	3
40	44	3
40	49	3
40	46	1
41	44	7
41	49	2
41	47	2
41	46	1
41	48	1
41	50	1
42	45	4
42	43	1
42	46	1
43	45	1
44	47	3
44	49	2
44	48	2
44	46	1
44	50	1
45	46	1
45	48	1
45	47	1
46	49	6
47	48	3
47	50	1
48	50	1
